42003053 31912033 37445053 39613054
18177030 55923023 15089030 76287044 39955026 27879030 90679044
39653050 41377052 42444026 23893035 42542027
25731035 38861035 35644038 42034025 42985028
23950033 24220030 42315028 88505045 16839037
32664039 38421004 76053040 27701036 10186039
38996021 40714024 31269038 19524032 34358036
42066027 39177050 45142023 19803030 77981017
43545029 39787023 57478059 79422044
22784037 10903037 60458023 78715992 57369050
34259028 37116035 56104029 92369040 38830022
41784026 57208050 57254021 79188041 57282055
25549031 40492050 38591038 36960029 25726035
38311031 90938044 89947048 25276031 37048022
36241032 16742033 38460051 57512022 39389036
46384020 44387025 79423018 96979018 79421046
40946055 83762013 35600030 48877021 91989046
31585037 40299059 38058020 87620043 57209058
43165026 36095032 20517033 57413056 89804041
77307015 40611055 48430029 47974027 95034013
79416046 39172028 17421033 42707026 39823059
40296022 41840000 22456032 35333038 40193054
42833020 74533043 82898990 79417044 20130035
79418042 40551038 43991983 87190047 79419040
40153025 21414032 34133033 53742029 77452019
36536001 23446032 40368052 84297043 19205038
38937025 89100044 38642054 33801036
23780034 20606034 31675036 48376024
