34259028 33801036 89947048 35333038 42315028 90679044 20606034
32664039 42444026 39389036 57208050 48877021 25549031 40611055
19803030 43545029 21414032 27879030 17421033 23780034 41840000
57282055 39177050 38861035 16839037 45142023 57512022 39787023
25276031 79422044 39172028 34358036 40299059 84297043 40714024
47974027 92369040 74533043 78715992 38421004 27701036 40368052
36241032 10903037 76053040 16742033 42707026 57209058
19205038 35600030 42833020 90938044 23446032 25726035
38311031 10186039 57413056 19524032 57369050 42034025
57478059 37445053 43991983 77452019 82898990 37048022
55923023 48430029 36960029 18177030 87620043 38996021
40153025 79417044 41784026 57254021 39823059 44387025
39653050 37116035 39613054 96979018 38642054 31912033
20130035 91989046 23893035 38058020 79418042 60458023
36536001 89804041 38460051 42985028 79188041 40492050
23950033 40193054 31675036 38937025 83762013 43165026
25731035 15089030 42542027 79421046 38591038 79419040
31585037 22456032 34133033 38830022 22784037 24220030
48376024 77307015 87190047 56104029 36095032 89100044
35644038 42066027 77981017 95034013 41377052 31269038
76287044 40946055 53742029 20517033 42003053 39955026
46384020 88505045 40296022 79423018 79416046 40551038
