34358036 25276031
89804041 95034013 35644038 90938044
48877021 38460051 15089030
83762013 27879030 48376024
46384020 31675036 40714024
39389036 90679044 38830022
77307015 19524032 40296022
43165026 77452019 23780034
42833020 25726035 43991983
16742033 40299059 57369050
88505045 10186039 19205038
96979018 31912033 56104029
41784026 57208050 19803030
23950033 38058020 31269038
39613054 38937025 23893035
20606034 40492050 79416046
40153025 18177030 40611055
89947048 38421004 57512022
39172028 47974027 41840000
87620043 38996021 84297043
39787023 55923023 35600030
35333038 44387025 20130035
22784037 36095032 79188041
38311031 79423018 57209058
74533043 48430029 45142023
38861035 39955026 57413056
57282055 23446032 89100044
39653050 53742029 25731035
76053040 34259028 33801036
76287044 78715992 24220030
25549031 21414032 34133033
42003053 57478059 36960029
40551038 42707026 37445053
42066027 40946055 41377052
79418042 10903037 38642054
20517033 42444026 27701036
77981017 40193054 79421046
39177050 31585037 91989046
17421033 22456032
57254021 16839037
42315028 32664039
79417044 36536001
79419040 36241032
82898990 37116035
79422044 92369040
40368052 42985028
42542027 37048022
60458023 39823059
42034025 87190047
38591038 43545029
