25731035 55923023 40153025 53742029
36241032 40551038 27879030 38861035
78715992 90679044 41377052 38996021
42707026 39823059 42444026 57512022
38058020 99998881 95034013 23780034
90938044 79417044 42542027 18177030
57282055 57208050 40946055 57478059
39613054 48430029 23950033
87620043 20517033 88505045
27701036 84297043 25276031
20130035 37048022 23446032
79188041 79423018 40611055
35600030 74533043 57413056
42034025 38591038 32664039
42315028 24220030 47974027
42066027 38311031 48877021
36536001 40193054 76053040
44387025 79419040 39172028
31912033 17421033 19524032
38937025 45142023 19205038
42003053 39389036 19803030
77981017 89100044 39955026
43165026 91989046 22784037
16839037 31675036 40492050
38642054 57254021 39653050
10903037 35644038 34259028
38830022 79416046 96979018
40296022 87190047 79421046
20606034 25726035 31269038
82898990 36095032 56104029
77307015 42985028 76287044
79422044 83762013 34133033
15089030 25549031 22456032
31585037 37116035 36960029
89947048 21414032 38460051
37445053 79418042 42833020
35333038 40299059 33801036
46384020 43545029 43991983
39177050 60458023 57209058
92369040 16742033 38421004
40368052 48376024 39787023
41840000 23893035 89804041
77452019 40714024 41784026
57369050 10186039 34358036
