89804041 39823059 42003053 39653050 77981017 74533043 19524032
39389036 82898990 79418042 38058020 57369050 35600030 87620043
33801036 25276031 57208050 38937025 31585037 47974027 10903037
95034013 43991983 40296022 40714024 42315028 31912033 89100044
79421046 96979018 16839037 40368052 15089030 92369040 36241032
21414032 57512022 18177030 89947048 41840000 25726035 38421004
35644038 77307015 40611055 48376024 40551038 19803030 32664039
91989046 78715992 53742029 37116035 42833020 25549031 40299059
20517033 31269038 48430029 10186039 77452019 31675036 48877021
44387025 38311031 25731035 57478059 42444026 99998881 22456032
79422044 46384020 39787023 37048022 38996021 23950033 42066027
38591038 43165026 38830022 20130035 36095032 38642054 23446032
45142023 39955026 79416046 40492050 90938044 41784026 20606034
79419040 57413056 34259028 79417044 17421033 34133033 43545029
57254021 23780034 76053040 40946055 36960029 16742033 27701036
41377052 87190047 42985028 84297043 88505045 55923023 40153025
37445053 22784037 79423018 40193054 24220030 23893035 39172028
57282055 42034025 34358036 42707026 42542027 39613054 90679044
36536001 19205038 27879030 79188041 38460051 35333038 57209058
60458023 39177050 76287044 38861035 83762013 56104029
