17421033 39823059 20606034 40299059 57208050 40492050 42444026
27701036 43991983 45142023 40551038 36241032 35600030 57512022
47974027 76053040 57369050 41784026 40946055 79417044 38460051
40368052 39787023 82898990 25549031 38591038 99998881 34358036
38937025 96979018 57413056 37116035 20517033 38058020 79188041
40153025 27879030 87190047 89804041 16839037 38311031 79418042
90938044 38421004 87620043 79421046 79416046 76287044 84297043
37445053 48430029 19803030 39389036 74533043 77307015 31675036
25731035 41840000 36536001 90679044 78715992 56104029 21414032
33801036 37048022 88505045 36095032 38830022 39653050 40296022
34133033 23446032 91989046 95034013 83762013 38996021 46384020
15089030 42003053 39955026 42315028 89100044 24220030 35333038
38861035 23780034 19205038 42833020 43165026 25726035 48376024
31912033 40714024 20130035 42985028 40193054 48877021 79423018
10186039 23950033 41377052 79422044 60458023 32664039 89947048
53742029 44387025 23893035 57282055 57478059 16742033 42066027
31585037 39172028 39613054 55923023 57209058 22456032 79419040
40611055 42707026 57254021 39177050 77452019 10903037 77981017
19524032 25276031 38642054 34259028 31269038 18177030 42542027
43545029 92369040 35644038 36960029 42034025 22784037
