77307015 55923023 38937025 38421004 38058020 36241032 79422044
21414032 41840000 37048022 40193054 83762013 40153025 48877021
23446032 25549031 40299059 42985028 17421033 89100044 74533043
31912033 10903037 20517033 39823059 88505045 76287044 76053040
47974027 42003053 40946055 57282055 36536001 34133033 31585037
20606034 82898990 90938044 42034025 18177030 79418042 48430029
31675036 35333038 89804041 87620043 22456032 23893035 33801036
43545029 16742033 19205038 32664039 27701036 39955026 40551038
23950033 42707026 90679044 89947048 35644038 39177050 38460051
79188041 46384020 40611055 38591038 42444026 31269038 43991983
79419040 60458023 35600030 19803030 42066027 10186039 19524032
37116035 57209058 40368052 27879030 99998881 40492050 40714024
20130035 57208050 40296022 43165026 34259028 44387025 42542027
42315028 25276031 57254021 38311031 41784026 57413056 45142023
39613054 92369040 39787023 39389036 79423018 36095032 24220030
39172028 22784037 78715992 48376024 38642054 53742029 38830022
57512022 91989046 84297043 37445053 57369050 77981017 96979018
25726035 41377052 38996021 38861035 79416046 16839037 79417044
25731035 57478059 39653050 77452019 95034013 79421046 36960029
15089030 23780034 87190047 56104029 34358036 42833020
