95034013 38460051 41784026 79418042 56104029
99998881 79419040 40551038 18177030 23893035 57282055 89804041
77981017 90679044 39389036 43545029 16742033 17421033
39653050 39823059 89947048 41377052 87190047 10903037
25549031 36536001 39172028 44387025 33801036 38311031
40714024 40946055 23780034 57512022 31912033 78715992
16839037 96979018 57478059 19205038 40193054 35600030
60458023 23446032 42985028 48430029 77307015 79417044
37116035 57209058 91989046 88505045 79422044 74533043
43991983 76287044 57208050 84297043 31675036 35644038
31585037 25731035 39955026 57413056 38058020 25276031
19803030 27701036 36095032 22784037 83762013 47974027
25726035 53742029 82898990 79423018 35333038 36960029
32664039 40492050 34358036 45142023 37445053 57254021
46384020 15089030 42066027 36241032 20517033 79188041
57369050 40299059 27879030 42444026 43165026 38421004
38830022 79416046 21414032 55923023 42034025 39787023
20130035 31269038 48376024 37048022 34259028 40153025
42003053 77452019 19524032 40368052 38937025 39613054
24220030 40611055 23950033 76053040 34133033
42833020 38591038 38642054 40296022 41840000
89100044 42542027 10186039 92369040 90938044
38861035 87620043 22456032 38996021 39177050
48877021 79421046 42315028 20606034 42707026
