91989046 15089030 90679044 23893035 48430029 45142023 39177050
57369050 99998881 57282055 40946055 34259028 25726035 34358036
57512022 39823059 42833020 39653050 41784026 47974027 20130035
38421004 76053040 79188041 77452019 42444026 57209058 79417044
18177030 38861035 36241032 38830022 57478059 42707026 42985028
21414032 83762013 39787023 77307015 87190047 38591038 38460051
48877021 31912033 37116035 33801036 79416046 40492050 25731035
40611055 57413056 31269038 57254021 27879030 27701036 10903037
17421033 77981017 40153025 25549031 37445053 32664039 22784037
79419040 44387025 42315028 89947048 31585037 41840000 76287044
60458023 55923023 88505045 36536001 46384020 39613054 38937025
43991983 19205038 31675036 23950033 41377052 78715992 42003053
42034025 42066027 22456032 37048022 19803030 40714024 20606034
79422044 40299059 23780034 42542027 57208050 39955026 40193054
38996021 34133033 35600030 43165026 89804041 56104029 95034013
90938044 10186039 79418042 38058020 84297043 40551038 16742033
40368052 35333038 92369040 39389036 96979018 35644038 16839037
74533043 23446032 79423018 36095032 79421046 24220030 53742029
39172028 19524032 36960029 89100044 87620043 25276031 82898990
48376024 20517033 38311031 40296022 38642054 43545029
