41840000 22456032 23446032 40551038 20130035 31912033 83762013
40193054 84297043 39787023 39389036 42542027 36095032
34358036 40368052 20606034 96979018 79421046 41784026
20517033 38996021 57512022 89947048 79419040 48877021
77452019 42315028 40714024 42707026 76053040 38421004
46384020 57369050 79188041 31269038 41377052 19803030
91989046 77307015 39172028 39823059 36241032 92369040
43545029 90679044 57208050 37048022 82898990 42003053
39653050 60458023 35644038 21414032 39613054 89100044
27701036 42444026 79418042 27879030 35600030 23950033
38830022 24220030 38311031 36960029 37445053 47974027
78715992 40296022 79423018 57282055 42833020 40153025
25731035 79416046 37116035 32664039 87620043 57254021
19524032 39955026 48376024 40611055 99998881 23893035
39177050 79417044 57478059 38642054 95034013 10186039
79422044 90938044 38937025 38591038 42066027 10903037
38460051 35333038 18177030 25276031 45142023 55923023
36536001 19205038 40492050 57413056 43165026 74533043
57209058 22784037 17421033 43991983 16839037 31675036
77981017 34133033 88505045 25549031 40946055 38058020
34259028 48430029 42034025 89804041 16742033 76287044
40299059 53742029 42985028 56104029 87190047 23780034
33801036 15089030 25726035 31585037 38861035 44387025
