39389036 79417044 10903037 38996021
38642054 90679044 19205038 22456032
90938044 39823059 35600030 79416046
92369040 99998881 36536001 42003053
23893035 40551038 31269038 79188041
40193054 55923023 77307015 25276031
47974027 79422044 15089030 36960029
84297043 31585037 79423018
82898990 27879030 20517033
17421033 40153025 38460051
25726035 40296022 77981017
25731035 79419040 40611055
19803030 42444026 76287044
89947048 48376024 43165026
88505045 38861035 39787023
40492050 42315028 57369050
20606034 37048022 45142023
60458023 42034025 57512022
96979018 19524032 21414032
42542027 89100044 53742029
38311031 35333038 38058020
57478059 79418042 22784037
34133033 16742033 95034013
38830022 42707026 10186039
37445053 38937025 40714024
39177050 38591038 43545029
89804041 74533043 39955026
57208050 78715992 40368052
33801036 27701036 87190047
39172028 57209058 38421004
25549031 34259028 36095032
57254021 42985028 91989046
87620043 41784026 16839037
48877021 48430029 77452019
42066027 46384020 31675036
76053040 20130035 24220030
43991983 56104029 37116035
23780034 39653050 40299059
42833020 31912033 36241032
41840000 40946055 32664039
18177030 57413056 44387025
83762013 35644038 23446032
79421046 41377052 57282055
39613054 23950033 34358036
