19803030 38996021 95034013 33801036 42444026 89947048 46384020
43991983 16839037 22456032 20130035 57413056 83762013 38058020
82898990 57282055 35600030 43165026 74533043 79418042 99998881
42542027 45142023 41840000 25726035 40551038 38830022 39653050
39613054 38642054 23446032 42003053 10186039 27701036 34133033
38421004 57254021 42034025 39172028 37048022 19524032 19205038
48877021 78715992 40714024 79416046 42315028 42066027 22784037
42833020 55923023 87190047 41784026 90938044 36095032 39787023
57478059 79422044 37445053 79423018 57369050 84297043 24220030
48430029 31269038 96979018 18177030 38460051 27879030 76287044
20606034 38861035 76053040 77452019 43545029 41377052 60458023
23893035 57209058 38591038 40193054 34259028 89100044 79417044
91989046 25731035 31585037 87620043 23950033 88505045 53742029
77981017 47974027 39389036 36960029 40153025 15089030 36536001
39177050 25276031 38937025 40946055 77307015 40492050 79421046
32664039 20517033 31912033 42707026 90679044 57208050 57512022
39955026 42985028 35333038 89804041 23780034 31675036 79188041
10903037 34358036 21414032 40611055 48376024 25549031 39823059
16742033 17421033 92369040 44387025 79419040 35644038 36241032
38311031 40368052 56104029 40296022 40299059 37116035
