23780034 90679044 48877021 38996021 40492050 37116035 87190047
57413056 40551038 38830022 36095032 10186039 39787023 77307015
46384020 31585037 35644038 95034013 82898990 34133033 79423018
38861035 42707026 23893035 20606034 74533043 56104029 43991983
79188041 76287044 76053040 23950033 16839037 79417044 42315028
37048022 35600030 89804041 18177030 40368052 34358036 57254021
42985028 89947048 25276031 38937025 91989046 57208050 20517033
48430029 57209058 40193054 15089030 38642054 42833020 39955026
79422044 99998881 41840000 57282055 25726035 39613054 79419040
40299059 43165026 40153025 42542027 87620043 90938044 22784037
79418042 40296022 44387025 57478059 35333038 38591038 36960029
19205038 34259028 92369040 79416046 47974027 33801036 25731035
40611055 23446032 38058020 16742033 31269038 22456032 19524032
38460051 55923023 38311031 39389036 78715992 48376024 60458023
42066027 39823059 27879030 41377052 31912033 39177050 41784026
77452019 27701036 10903037 40946055 57369050 42003053 32664039
36536001 53742029 39172028 84297043 17421033 20130035 24220030
21414032 40714024 89100044 88505045 42034025 42444026 45142023
77981017 25549031 79421046 38421004 43545029 57512022 31675036
39653050 36241032 19803030 83762013 96979018 37445053
