38937025 40368052 57209058 35333038 10186039 36536001 57208050
79423018 15089030 23780034 57254021 40296022 42315028 76287044
42003053 84297043 31585037 48877021 18177030 31269038 39823059
74533043 40492050 36960029 42542027 83762013 79416046 42034025
87190047 39787023 79418042 57369050 77307015 17421033 77981017
57413056 79417044 87620043 10903037 57282055 31912033 37116035
16839037 23446032 38996021 99998881 79422044 40611055 27701036
76053040 20130035 89804041 42066027 37445053 44387025 48376024
34259028 56104029 39613054 35600030 79421046 19524032 39653050
22456032 45142023 16742033 23950033 25549031 41784026 19803030
38058020 60458023 57478059 42707026 40193054 19205038 40299059
37048022 39389036 38591038 40551038 92369040 77452019 38830022
33801036 96979018 23893035 38311031 34133033 25726035 89100044
35644038 89947048 46384020 53742029 40946055 42444026 55923023
20517033 88505045 82898990 43165026 24220030 91989046 41840000
39172028 21414032 79188041 38861035 22784037 32664039 39955026
40153025 41377052 42833020 90938044 38642054 25276031 57512022
39177050 36095032 25731035 34358036 78715992 20606034 36241032
43991983 47974027 40714024 31675036 48430029 90679044 27879030
38460051 42985028 43545029 95034013 38421004 79419040
