57413056 79417044 42066027 42003053
41377052 39823059 23950033 19205038
22784037 40551038 38460051 57369050
46384020 99998881 23446032 87620043
36536001 90679044 40368052 95034013
79422044 55923023 43545029 40492050
79418042 78715992 79416046 44387025
20130035 91989046 39177050
32664039 43165026 57478059
37445053 38591038 33801036
27701036 31912033 31585037
41784026 57254021 15089030
41840000 56104029 23780034
39613054 34358036 39787023
87190047 31269038 79419040
40299059 25549031 79423018
60458023 42542027 90938044
39389036 20517033 39653050
38642054 10186039 88505045
42707026 38058020 19803030
24220030 40611055 36241032
34133033 35644038 84297043
34259028 19524032 21414032
48877021 77307015 17421033
27879030 10903037 20606034
57208050 92369040 35600030
96979018 57512022 38421004
25726035 43991983 42034025
89947048 47974027 31675036
40296022 42833020 45142023
48430029 76287044 42315028
38861035 53742029 74533043
42985028 40153025 83762013
23893035 82898990 36095032
89100044 38311031 38830022
18177030 79421046 25276031
40946055 39955026 77981017
76053040 40714024 38996021
57209058 42444026 79188041
22456032 89804041 39172028
57282055 38937025 36960029
25731035 35333038 40193054
77452019 37116035 16839037
16742033 48376024 37048022
