38642054 89947048 89100044 31585037 55923023 83762013 38937025
27701036 39613054 74533043 25276031 38058020 31675036
57512022 19205038 40714024 38311031 38996021 36960029
77452019 24220030 42315028 76287044 53742029 16742033
37116035 32664039 96979018 41840000 57209058 90938044
42444026 27879030 35600030 43545029 16839037 57369050
23780034 40193054 10186039 48376024 25726035 79188041
45142023 79418042 41377052 22456032 42542027 48877021
40492050 42003053 34358036 91989046 48430029 19524032
40368052 99998881 37048022 23446032 34259028 23893035
42066027 31912033 43991983 38421004 87190047 20606034
78715992 39823059 42985028 39177050 33801036 18177030
79419040 40551038 76053040 88505045 79422044 25549031
35333038 79417044 60458023 79421046 36241032 84297043
82898990 36536001 38460051 31269038 77981017 38830022
42707026 22784037 39787023 40153025 10903037 79423018
41784026 37445053 25731035 40296022 19803030 57208050
95034013 57478059 35644038 87620043 38861035 21414032
42034025 42833020 39955026 44387025 79416046 40299059
20130035 23950033 36095032 40946055 20517033 39389036
56104029 57254021 77307015 17421033 57413056 47974027
43165026 15089030 57282055 92369040 34133033 39172028
46384020 38591038 39653050 40611055 90679044 89804041
