15089030 40714024 99998881 87190047 92369040 25726035 39177050
57512022 40551038 77981017 20606034 10186039 40611055 39955026
36095032 79417044 38591038 38058020 89947048 57478059 39172028
89100044 42066027 57209058 36241032 57208050 40153025 74533043
19205038 18177030 32664039 43165026 34358036 36536001 35333038
84297043 90938044 23780034 40492050 27879030 22784037 48376024
31912033 79418042 76053040 45142023 91989046 47974027 16742033
77307015 34259028 40299059 57254021 38861035 23446032 37048022
88505045 40296022 46384020 42315028 39653050 38421004 20517033
89804041 17421033 38642054 79422044 24220030 48877021 41784026
96979018 57413056 38830022 57282055 36960029 27701036 31585037
87620043 53742029 38460051 79421046 23893035 35600030 82898990
41840000 37445053 39787023 55923023 79188041 41377052 25549031
20130035 23950033 40946055 42542027 43991983 42707026 83762013
57369050 42985028 90679044 37116035 39389036 77452019 19524032
39613054 48430029 40193054 79416046 39823059 19803030 16839037
31675036 78715992 79423018 43545029 25276031 44387025 42444026
35644038 38937025 42003053 21414032 38311031 42034025 22456032
33801036 42833020 31269038 76287044 60458023 95034013 38996021
56104029 25731035 40368052 34133033 79419040 10903037
