79418042 57208050 99998881 36241032 31675036 22456032 38058020
16742033 87190047 35333038 23446032 57413056 34259028
38830022 46384020 48376024 20130035 38996021 43545029
42833020 31912033 79423018 90938044 34358036 88505045
38937025 39955026 38421004 39613054 15089030 48877021
19524032 40611055 40492050 78715992 90679044 42003053
53742029 39823059 31585037 25731035 42542027 34133033
95034013 40551038 74533043 36536001 25549031 82898990
20517033 96979018 27701036 39787023 25276031 47974027
25726035 37116035 57512022 38861035 48430029 45142023
43991983 17421033 40296022 76287044 92369040 42444026
76053040 79417044 89947048 10186039 20606034 38642054
22784037 23780034 87620043 40368052 31269038 42034025
57254021 79416046 89804041 56104029 77452019 38591038
41784026 38460051 32664039 23893035 38311031 19205038
89100044 40946055 36095032 42985028 40714024 43165026
39389036 42707026 60458023 79422044 77307015 44387025
79419040 18177030 40153025 77981017 36960029 91989046
23950033 24220030 10903037 27879030 41840000 19803030
57369050 40193054 57209058 21414032 16839037 41377052
83762013 84297043 57282055 37048022 42315028 55923023
57478059 39653050 79188041 33801036 39172028 35644038
40299059 79421046 42066027 35600030 37445053 39177050
