16839037 55923023 15089030 20606034
42833020 39823059 40193054 78715992
39787023 79417044 40153025 32664039
40296022 60458023 40551038 79416046
35644038 90679044 57282055 44387025
57369050 99998881 20517033 38642054
33801036 36536001 38058020 87620043
37116035 48376024 39955026
34133033 42034025 19524032
83762013 39653050 42985028
53742029 40368052 39177050
19803030 45142023 22456032
95034013 42003053 38460051
19205038 39172028 57512022
17421033 41784026 88505045
41840000 57209058 22784037
38591038 40946055 10903037
77981017 37048022 77307015
25276031 42066027 23893035
79421046 96979018 77452019
76287044 31269038 25731035
76053040 36095032 23446032
87190047 43991983 40492050
25549031 25726035 39613054
38996021 34259028 42542027
24220030 79423018 36241032
91989046 41377052 42315028
35333038 57254021 21414032
89947048 37445053 16742033
82898990 43545029 23950033
31585037 47974027 42444026
57413056 38861035 56104029
27879030 40714024 48430029
34358036 46384020 79419040
79188041 90938044 42707026
40611055 84297043 35600030
79418042 43165026 23780034
79422044 48877021 92369040
20130035 38937025 10186039
31675036 89100044 57208050
38311031 74533043 57478059
31912033 18177030 36960029
38421004 27701036 39389036
38830022 89804041 40299059
