33801036 79417044 79416046 19803030
42833020 90679044 87190047 31675036
38591038 99998881 77981017 19205038
23446032 40551038 60458023 48430029
41840000 23780034 57209058 35600030
16742033 55923023 96979018 20517033
38642054 25549031 95034013 39823059
40193054 36241032 25726035
40299059 24220030 32664039
91989046 38996021 40368052
57369050 25731035 87620043
15089030 42315028 89947048
79423018 42985028 31269038
38861035 88505045 79188041
77307015 42444026 27879030
36960029 79419040 78715992
23950033 79422044 57208050
40492050 84297043 42003053
35333038 17421033 18177030
79421046 79418042 53742029
39177050 92369040 38937025
42707026 38830022 48376024
45142023 38311031 48877021
39389036 39787023 57512022
41784026 89804041 43991983
34358036 34133033 83762013
20606034 89100044 41377052
77452019 43545029 76053040
39172028 42066027 43165026
23893035 39653050 36095032
35644038 40611055 27701036
57478059 46384020 37116035
37048022 76287044 10903037
38058020 37445053 34259028
39955026 74533043 44387025
36536001 38460051 38421004
40153025 82898990 22456032
90938044 42542027 19524032
31912033 40946055 57282055
31585037 47974027 20130035
56104029 10186039 40714024
16839037 39613054 40296022
22784037 57413056 42034025
57254021 25276031 21414032
