39172028 39823059 31912033 39955026
40296022 47974027 79417044 57208050
42444026 55923023 39787023 89100044
74533043 45142023 40551038 36241032
37445053 90679044 20606034 79416046
36536001 99998881 42066027 40299059
57369050 19803030 35644038 95034013
40193054 38591038 42034025
34259028 83762013 92369040
41784026 48430029 57478059
89947048 88505045 35600030
25731035 39177050 57413056
25276031 82898990 15089030
31675036 87190047 38996021
38937025 78715992 40946055
40611055 40714024 37048022
60458023 41377052 44387025
77452019 20130035 42833020
43991983 79419040 19205038
42542027 42985028 79418042
42707026 10903037 27879030
42315028 43545029 53742029
39389036 43165026 38421004
36960029 38460051 89804041
25726035 38830022 32664039
79188041 77981017 40492050
48877021 23446032 16839037
46384020 40368052 57512022
57209058 38311031 79421046
25549031 24220030 23893035
90938044 57282055 21414032
27701036 20517033 22456032
79422044 76053040 34358036
42003053 31585037 18177030
79423018 16742033 38642054
34133033 41840000 84297043
17421033 76287044 96979018
91989046 35333038 31269038
22784037 48376024 19524032
23950033 39653050 39613054
37116035 36095032 33801036
87620043 38861035 38058020
77307015 40153025 57254021
10186039 23780034 56104029
