42542027 79417044 39955026 39613054
83762013 90679044 40492050 36241032
40714024 99998881 18177030 10903037
90938044 79419040 34259028 39823059
79423018 55923023 42066027 96979018
15089030 33801036 17421033 40551038
25276031 77452019 38937025 34133033
79422044 37048022 40296022
82898990 27879030 35644038
23893035 42707026 84297043
41784026 76053040 47974027
57254021 43545029 38058020
45142023 31269038 38996021
39653050 27701036 57478059
38642054 16742033 10186039
43165026 38591038 20517033
35333038 39389036 20130035
57208050 78715992 43991983
48877021 87190047 42003053
39787023 25731035 92369040
40368052 22784037 20606034
89804041 31912033 41840000
46384020 36536001 77307015
25726035 48376024 42985028
37445053 76287044 22456032
32664039 19524032 31675036
42833020 57512022 21414032
39172028 24220030 89947048
40611055 42315028 40153025
56104029 38830022 48430029
19803030 79418042 38861035
44387025 38460051 74533043
23446032 57413056 38311031
23950033 57369050 57209058
40946055 16839037 36960029
91989046 79421046 95034013
35600030 60458023 79188041
87620043 40299059 42034025
79416046 23780034 42444026
41377052 89100044 31585037
19205038 34358036 57282055
25549031 53742029 39177050
77981017 36095032 38421004
40193054 37116035 88505045
