36095032 39613054 55923023 42034025 16742033 57512022 39177050
27879030 45142023 57413056 10186039 42542027 38642054
82898990 38421004 37048022 39389036 27701036 35333038
42066027 42833020 21414032 41784026 79418042 25549031
35600030 31912033 89804041 57209058 76287044 57369050
25726035 40551038 41377052 22784037 44387025 76053040
40368052 89947048 40492050 79416046 22456032 23893035
46384020 38591038 43991983 38460051 39653050 79423018
20606034 36241032 40714024 91989046 42003053 37116035
40611055 37445053 25731035 34358036 77307015 38058020
17421033 42985028 56104029 43545029 40296022 87190047
79421046 92369040 79417044 90938044 57282055 39172028
89100044 23446032 83762013 96979018 57254021 60458023
42315028 31585037 35644038 31269038 79188041 53742029
88505045 48430029 24220030 16839037 20130035 87620043
19205038 25276031 40193054 39787023 19803030 77452019
40153025 38937025 47974027 48376024 84297043 42707026
79422044 39955026 42444026 31675036 74533043 95034013
79419040 41840000 40946055 23950033 48877021 90679044
32664039 43165026 78715992 38996021 39823059 38861035
33801036 40299059 19524032 23780034 77981017 34133033
10903037 15089030 57478059 99998881 38311031 57208050
34259028 38830022 18177030 20517033 36536001 36960029
