77452019 39823059 20606034 10903037 43545029 57512022 18177030
88505045 56104029 38937025 91989046 16742033 41840000
40714024 79188041 15089030 43991983 42444026 39653050
34133033 31585037 39389036 48430029 35644038 25549031
32664039 21414032 84297043 40611055 47974027 25276031
95034013 78715992 39955026 38311031 25731035 89100044
38460051 22456032 48877021 25726035 76053040 33801036
79422044 74533043 90679044 42707026 60458023 40296022
42034025 38591038 79416046 27701036 38642054 19524032
48376024 19205038 23780034 99998881 40193054 17421033
77981017 23446032 57208050 38996021 92369040 79418042
57254021 57282055 40946055 57413056 44387025 24220030
40153025 40368052 89947048 31912033 39787023 79423018
42315028 79417044 40299059 36960029 39613054 45142023
37445053 42833020 77307015 27879030 38830022 20130035
19803030 76287044 39172028 36536001 22784037 42066027
43165026 40551038 36241032 42003053 39177050 89804041
87620043 34259028 16839037 57478059 55923023 23950033
57209058 20517033 96979018 35333038 35600030 31675036
37116035 36095032 79421046 10186039 41377052 87190047
38421004 40492050 46384020 34358036 38861035 57369050
82898990 42985028 83762013 79419040 38058020 37048022
31269038 90938044 42542027 53742029 41784026 23893035
