20517033 55923023 87620043 23446032 89804041 31912033 31675036
31585037 90679044 43165026 23893035 91989046 88505045 40193054
40296022 79188041 40492050 44387025 77981017 16839037 27879030
38996021 35600030 39177050 22456032 60458023 90938044 37048022
38591038 33801036 41377052 79417044 48430029 38642054 87190047
53742029 38058020 36960029 57512022 39653050 39787023 31269038
24220030 41784026 23950033 42315028 99998881 43991983 40368052
25276031 42034025 21414032 42985028 19803030 19524032 40611055
39389036 45142023 57478059 38937025 79418042 74533043 32664039
48877021 83762013 25549031 40714024 42542027 57208050 57282055
46384020 79416046 57209058 18177030 77452019 25726035 39955026
43545029 35644038 37445053 10903037 92369040 38861035 40946055
89100044 95034013 42833020 42003053 39613054 79419040 38311031
76287044 56104029 39823059 40299059 38421004 34133033 41840000
79421046 36536001 42444026 57413056 15089030 48376024 27701036
78715992 10186039 84297043 47974027 23780034 38830022 77307015
34259028 22784037 20130035 96979018 19205038 36095032 40153025
89947048 16742033 57369050 40551038 76053040 36241032 35333038
25731035 39172028 20606034 37116035 38460051 42707026 57254021
79423018 79422044 17421033 42066027 34358036 82898990
