10903037 39823059 15089030 39613054 40368052 25549031 25726035
44387025 40299059 57209058 19524032 96979018 74533043 40946055
87190047 57208050 90938044 25731035 40551038 38937025 24220030
34133033 42707026 25276031 42003053 37445053 40153025 27879030
48430029 10186039 40296022 39389036 77981017 43165026 38591038
27701036 41784026 35333038 36536001 91989046 42833020 31269038
82898990 77452019 92369040 43991983 55923023 42444026 57478059
78715992 20517033 89804041 22784037 42034025 39172028 79422044
39177050 56104029 48376024 57369050 38861035 79417044 16839037
18177030 23950033 38830022 88505045 76287044 34358036 89100044
39955026 99998881 38311031 36095032 42315028 95034013 79423018
32664039 38058020 39653050 31675036 79416046 37048022 20606034
79419040 83762013 57282055 23446032 21414032 31912033 40193054
38421004 34259028 40492050 38460051 79421046 84297043 23780034
43545029 42542027 20130035 40611055 38642054 53742029 39787023
36960029 36241032 41377052 35644038 79418042 37116035 87620043
31585037 90679044 16742033 57512022 42066027 47974027 19205038
77307015 57413056 79188041 89947048 33801036 46384020 41840000
23893035 48877021 38996021 57254021 60458023 45142023 42985028
22456032 40714024 35600030 19803030 76053040 17421033
