82043043 17720038 42062026 32072035 61733044
19361039 89487045 63764047 25992033 32648057
21835038 77165041 41664020 20217030 22096036
44700029 11789039 22525034 16870032 86607041
27158039 16841033 44714004 21383039 83645044
93572014 16184038 21787031 82927047 48654057
13868039 22478036 63747042 17702036 28592038
83019042 86620044 19823038 15203037 35077031
15473036 18321034 21513031 18030031 79432043
18348037 18789032 86443041 62490040 38460002
36252039 81265043 81496044 87206041 93377018
22267033 32646051 32647059 38989034 39110036
39001029 18809038 89686042 23107030 34059030
21395033 17227034 88431044 63436984 64201049
87390068 26323030 18451039 19858034 23593031
81611048 23728033 27549039 81463044 72071046
65268047 67144048 48086029 19042035 16854036
20864039 26819037 11366036 27472034 16802035
49683022 86348042 81930042 23305030 28700037
23776032 60730041 41435025 86993045 86612041
23942030 27028034 22393037 89401046
36332054 21052030 43549021 24235038
