28280030 88431044 36252039 18789032 23305030
17702036 22393037 27549039 39001029 32647059
18348037 22096036 89487045 16841033 16854036
19042035 21787031 93572014 22267033 48654057
23942030 16184038 23728033 42062026 32648057
93377018 16802035 25992033 86443041 44714004
18809038 89686042 28700037 23593031 17227034
89401046 35077031 18030031 28592038 24235038
23107030 38989034 86993045 48086029 82043043
26323030 87206041 22478036 32646051 86348042
21383039 32072035 21052030 38460002 20864039
81930042 21513031 44700029 81611048 19361039
22525034 27158039 19858034 20217030
23776032 72071046 15203037 39110036
41435025 43549021 17720038 21835038
11366036 21395033 79432043 18321034
13868039 34059030 87390068 86620044
41664020 19823038 49683022 11789039
