96523071 94471075 23296056 58413063
67979062 34771055 71121065 64415060
78170065 69855062 70201066 23008055
97080071 71134068 67961060 65934069
46660072 90109075 65353062 90574070
73726069 97676076 64388069 64249063
28336055 81125064 72632060 92090075
79646063 71492060 66430067 65325060
66671066 58383068 58266065 78282068
69773067 74200064 59436063 70420062
21832050 52708054 53208054 36861052
69036069 70788062 58223058 69698066
61367066 78039062 77520062 26313056
23224058 67574061 65134066
39374053 68517069 44696078
99721078 79555066 59387068
72027063 76440064 93498079
78770062 67809061 34055053
58736067 62012042 65772063
79166062 42765073 59754069
64526064 68869064 98171077
77296069 64883069 79293064
64915044 60905064 59245068
