67304048 37399052 83714048 85830065 83477042 85366045
41990029 15525033 82047044 23627037 15682032 81036048
17559030 23647035 16525032 79410049 18182030
37422029 84282045 85070068 24194037 19754035
85477065 15226038 23259039 41251026 76053040
23446032 24780074 65099046 83601047 34259028
19803030 86595063 16434037 17768037 66605049
83375063 39082052 16940033 41204058 60770047
32133050 81712044 25534033 83969048 17389032
24762072 24821076 19668037 66604042 76324045
31808041 36409035 24262032 87753042 58823071
39823059 64462047 21482039 17235037 16796039
84246040 38015038 18541037 68971043 60895042
74165044 41748054 32454035 20926036 84007061
16482036 35268036 74533043 32668030 15705031
24667073 18816033 21866033 18076034 87408043
77650927 84445063 22948038 85508067 21004031
27884030 67635045 41621079 86286044 17708033
24367039 30168033 19311034 85108066 82738048
90067042 16860033 18289033 39748025 84302066
62405048 23216039 23048036 36960029 91400044
86387040 24365033 75682047 17490038 67694042
20648036 22706030 25275033 87515045 21045034
