25534033 84302066 66604042 36409035 24365033 19668037 23048036 83969048 39748025 76324045 85477065
24780074 16482036 32454035 36960029 22706030 77650927 75682047 24194037 34259028 23216039 24262032
64462047 74165044 67635045 18076034 83714048 82738048 19803030 87753042 17490038 87515045 23647035
23446032 84246040 81712044 65099046 82047044 18541037 85830065 17235037 17389032 24762072 67694042
15525033 24367039 84282045 21004031 16525032 24667073 23627037 68971043 83601047 16796039 67304048
37399052 90067042 38015038 24821076 79410049 74533043 37422029 41990029 15682032 60895042 85366045
18182030 27884030 39823059 20926036 23259039 21866033 25275033 21482039 60770047 84007061 91400044
83375063 86387040 86595063 17708033 41748054 22948038 41251026 17559030 19754035 58823071
32133050 84445063 39082052 30168033 16434037 41621079 21045034 85508067 76053040 87408043
16860033 62405048 15226038 83477042 16940033 19311034 17768037 86286044 41204058 85070068
31808041 81036048 18816033 32668030 20648036 18289033 35268036 85108066 66605049 15705031
