12535076 12297073 16819088 92331073 11383072 15854086
47661087 40984080 17605072 98193071 42827089 10650075
15716087 40933087 12386074 44019081 43862077 16991085
15812076 42278085 95991071 94565074 33328055 18823088
80870066 11738077 14549075 94522075 70373063 16620072
16571085 42935080 95610077 93665073 17425083 13225073
74095068 11451077 15636079 71351068 29812070 13356076
42795070 12000071 10994077 45520087 13059076 47666086
43283084 65231060 15295074 15938079 12793071 48489082
43863083 15050073 10482073 72946064 98080070 46804084
42825083 10466076 17165085 18731075 18709071 91646075
11047073 15265077 19456078 14887079 40624082 10906071
16774085 13169073 19354075 17528076 19175074 96306071
45114089 65171068 45631074 11630076 85073062 45961083
14185078 15809072 44770089 11161072 15623077 16054074
73289068 44977080 18405084 21196084 90717075 20310074
13679071 65369068 48450084 18588087 16520074 18913079
17243080 15354079 18786079 16332074 17192071 17833070
11780079 17933078 14796072 15008071 98020076 48437081
14074074 15066079 15887078 13135074 11205077
