21664073 26208058 38507059 87527040 68837046 39862057
77439065 25105057 84958040 35043058 62065040 61075040
Password 29322054 49782055 89941041 24265068 63766042
18182030 26764050 39613054 65025041 38132056 84525047
75099044 37653052 42961052 40720054 22228050 26429050
38175055 33687054 98721079 60612041 23584055 97601074
60770047 65848046 35454057 41130055 64556046 65642043
75186064 66195041 36681054 96190079 81789042 40399057
92917046 37863057 99425076 34564054 66152042 33716051
67636043 85341048 81062069 16405037 67465047 96985072
50146059 37429057 99285074 22972053 28572055 22406052
66479049 98652076 83547042 20348033 46131074 97518070
68864040 47944079 69023042 99281073 28886034 81678047
62564042 33828054 64245046 39400056 34857052 79709044
63258040 44490027 20814059 85457067 98271075 90004045
58505066 22982052 96289079 28857050 72182041 81673063
64474042 85294064 51808053 59009027 61441044 62899042
24225039 18616037 38443057 64157043 28849073 56433022
25931056 96148077 61495040 80612062 64446040 99376071
99252074 64213044 24248056 36830057 23734056 96132071
22096051 97640072 47737077 65028045 51758050
