67636043 68864040 81678047 65848046 85294064 50146059
37429057 66195041 41130055 28849073 96190079 75099044
56433022 60612041 20814059 98721079 22228050 29322054
84525047 65025041 99376071 69023042 47944079 89941041
96148077 66152042 61441044 38507059 98652076 72182041
65028045 39613054 59009027 40399057 68837046 81062069
22972053 44490027 24225039 58505066 39400056 99285074
36830057 46131074 62564042 83547042 66479049 22406052
25105057 23584055 62899042 60770047 28572055 37863057
23734056 63766042 26208058 26429050 64474042 39862057
99281073 18616037 98271075 61495040 33687054 84958040
40720054 36681054 37653052 49782055 97640072 38132056
87527040 18182030 85341048 33828054 75186064 25931056
47737077 34564054 81789042 61075040 85457067 81673063
21664073 80612062 51808053 24265068 33716051 34857052
22096051 38443057 97601074 64446040 97518070 64556046
51758050 35454057 62065040 79709044 38175055 63258040
24248056 96985072 77439065 28857050 22982052 64213044
90004045 28886034 64245046 92917046 65642043 20348033
96132071 26764050 35043058 67465047 99425076 16405037
96289079 Password 42961052 99252074 64157043
